00 00 00 00 00 00 00 00
00 00 00 00 00 00 00 00
00 00 00 00 00 00 00 00
00 00 00 00 00 00 00 00
00 00 00 00 00 00 00 00
00 00 00 00 00 00 00 00
00 00 00 00 00 00 00 00
00 00 00 00 00 00 00 00
00 00 00 00 00 00 00 00
00 00 00 00 00 00 00 00
00 00 00 00 00 00 00 00
00 00 00 00 00 00 00 00
00 00 00 00 00 00 00 00
00 00 00 00 00 00 00 00
00 00 00 00 00 00 00 00
00 00 00 00 00 00 00 00
00 00 00 00 00 00 00 00
00 00 00 00 00 00 00 00
1f 22 40 00 00 00 00 00
20 00 00 00 00 00 00 00 
fe 22 40 00 00 00 00 00
67 22 40 00 00 00 00 00 
55 23 40 00 00 00 00 00
09 23 40 00 00 00 00 00 
0b 22 40 00 00 00 00 00
51 22 40 00 00 00 00 00 
0b 22 40 00 00 00 00 00
27 20 40 00 00 00 00 00 
33 36 64 35 32 31 38 35 
00 00 00 00 00 00 00 00
00 00 00 00 00 00 00 00
00 00 00 00 00 00 00 00
90 00 00 00 e8 00 00 00
00 00 00 00 00 00 00 00